# Input profiles, title, Nz = 160  
#  height    thetal    qt    u    v    tke 
        0.0000       273.0000     5.0000e-06         1.0000         1.0000         0.1000 
       20.0000       273.0000     5.0000e-06         1.0000         1.0000         0.1000 
       45.0000       273.0000     5.0000e-06         1.0000         1.0000         0.1000 
       75.0000       273.0000     5.0000e-06         1.0000         1.0000         0.1000 
      110.0000       273.0000     5.0000e-06         1.0000         1.0000         0.1000 
      150.0000       273.0000     5.0000e-06         1.0000         1.0000         0.1000 
      190.0000       273.0000     5.0000e-06         1.0000         1.0000         0.1000 
      230.0000       273.0000     5.0000e-06         1.0000         1.0000         0.1000 
      270.0000       273.0000     5.0000e-06         1.0000         1.0000         0.1000 
      310.0000       273.0000     5.0000e-06         1.0000         1.0000         0.1000 
      350.0000       273.0000     5.0000e-06         1.0000         1.0000         0.1000 
      390.0000       273.0000     5.0000e-06         1.0000         1.0000         0.1000 
      430.0000       273.0000     5.0000e-06         1.0000         1.0000         0.1000 
      470.0000       273.0000     5.0000e-06         1.0000         1.0000         0.1000 
      510.0000       273.0000     5.0000e-06         1.0000         1.0000         0.1000 
      550.0000       273.0000     5.0000e-06         1.0000         1.0000         0.1000 
      590.0000       273.0000     5.0000e-06         1.0000         1.0000         0.1000 
      630.0000       273.0000     5.0000e-06         1.0000         1.0000         0.1000 
      670.0000       273.0000     5.0000e-06         1.0000         1.0000         0.1000 
      710.0000       273.0000     5.0000e-06         1.0000         1.0000         0.1000 
      750.0000       273.0000     5.0000e-06         1.0000         1.0000         0.1000 
      790.0000       273.0000     5.0000e-06         1.0000         1.0000         0.1000 
      830.0000       273.0000     5.0000e-06         1.0000         1.0000         0.1000 
      870.0000       273.0000     5.0000e-06         1.0000         1.0000         0.1000 
      910.0000       273.0000     5.0000e-06         1.0000         1.0000         0.1000 
      950.0000       273.0000     5.0000e-06         1.0000         1.0000         0.1000 
      990.0000       273.0000     5.0000e-06         1.0000         1.0000         0.1000 
     1030.0000       273.0000     5.0000e-06         1.0000         1.0000         0.1000 
     1070.0000       273.0000     5.0000e-06         1.0000         1.0000         0.1000 
     1110.0000       273.0000     5.0000e-06         1.0000         1.0000         0.1000 
     1150.0000       273.0000     5.0000e-06         1.0000         1.0000         0.1000 
     1190.0000       273.0000     5.0000e-06         1.0000         1.0000         0.1000 
     1230.0000       273.0000     5.0000e-06         1.0000         1.0000         0.1000 
     1270.0000       273.0000     5.0000e-06         1.0000         1.0000         0.1000 
     1310.0000       273.0000     5.0000e-06         1.0000         1.0000         0.1000 
     1350.0000       273.0000     5.0000e-06         1.0000         1.0000         0.1000 
     1390.0000       273.0000     5.0000e-06         1.0000         1.0000         0.1000 
     1430.0000       273.0000     5.0000e-06         1.0000         1.0000         0.1000 
     1470.0000       273.0000     5.0000e-06         1.0000         1.0000         0.1000 
     1510.0000       273.0000     5.0000e-06         1.0000         1.0000         0.1000 
     1550.0000       273.0000     5.0000e-06         1.0000         1.0000         0.1000 
     1590.0000       273.0000     5.0000e-06         1.0000         1.0000         0.1000 
     1630.0000       273.0000     5.0000e-06         1.0000         1.0000         0.1000 
     1670.0000       273.0000     5.0000e-06         1.0000         1.0000         0.1000 
     1710.0000       273.0000     5.0000e-06         1.0000         1.0000         0.1000 
     1750.0000       273.0000     5.0000e-06         1.0000         1.0000         0.1000 
     1790.0000       273.0000     5.0000e-06         1.0000         1.0000         0.1000 
     1830.0000       273.0000     5.0000e-06         1.0000         1.0000         0.1000 
     1870.0000       273.0000     5.0000e-06         1.0000         1.0000         0.1000 
     1910.0000       273.0000     5.0000e-06         1.0000         1.0000         0.1000 
     1950.0000       273.0000     5.0000e-06         1.0000         1.0000         0.1000 
     1990.0000       273.0000     5.0000e-06         1.0000         1.0000         0.1000 
     2030.0000       273.0000     5.0000e-06         1.0000         1.0000         0.1000 
     2070.0000       273.0000     5.0000e-06         1.0000         1.0000         0.1000 
     2110.0000       273.0000     5.0000e-06         1.0000         1.0000         0.1000 
     2150.0000       273.0000     5.0000e-06         1.0000         1.0000         0.1000 
     2190.0000       273.0000     5.0000e-06         1.0000         1.0000         0.1000 
     2230.0000       273.0000     5.0000e-06         1.0000         1.0000         0.1000 
     2270.0000       273.0000     5.0000e-06         1.0000         1.0000         0.1000 
     2310.0000       273.0000     5.0000e-06         1.0000         1.0000         0.1000 
     2350.0000       273.0000     5.0000e-06         1.0000         1.0000         0.1000 
     2390.0000       273.0000     5.0000e-06         1.0000         1.0000         0.1000 
     2430.0000       273.0000     5.0000e-06         1.0000         1.0000         0.1000 
     2470.0000       273.0000     5.0000e-06         1.0000         1.0000         0.1000 
     2510.0000       273.0000     5.0000e-06         1.0000         1.0000         0.1000 
     2550.0000       273.0000     5.0000e-06         1.0000         1.0000         0.1000 
     2590.0000       273.0000     5.0000e-06         1.0000         1.0000         0.1000 
     2630.0000       273.0000     5.0000e-06         1.0000         1.0000         0.1000 
     2670.0000       273.0000     5.0000e-06         1.0000         1.0000         0.1000 
     2710.0000       273.0000     5.0000e-06         1.0000         1.0000         0.1000 
     2750.0000       273.0000     5.0000e-06         1.0000         1.0000         0.1000 
     2790.0000       273.0000     5.0000e-06         1.0000         1.0000         0.1000 
     2830.0000       273.0000     5.0000e-06         1.0000         1.0000         0.1000 
     2870.0000       273.0000     5.0000e-06         1.0000         1.0000         0.1000 
     2910.0000       273.0000     5.0000e-06         1.0000         1.0000         0.1000 
     2950.0000       273.0000     5.0000e-06         1.0000         1.0000         0.1000 
     2990.0000       273.0000     5.0000e-06         1.0000         1.0000         0.1000 
     3030.0000       273.0000     5.0000e-06         1.0000         1.0000         0.1000 
     3070.0000       273.0000     5.0000e-06         1.0000         1.0000         0.1000 
     3110.0000       273.0000     5.0000e-06         1.0000         1.0000         0.1000 
     3150.0000       273.0000     5.0000e-06         1.0000         1.0000         0.1000 
     3190.0000       273.0000     5.0000e-06         1.0000         1.0000         0.1000 
     3230.0000       273.0000     5.0000e-06         1.0000         1.0000         0.1000 
     3270.0000       273.0000     5.0000e-06         1.0000         1.0000         0.1000 
     3310.0000       273.0000     5.0000e-06         1.0000         1.0000         0.1000 
     3350.0000       273.0000     5.0000e-06         1.0000         1.0000         0.1000 
     3390.0000       273.0000     5.0000e-06         1.0000         1.0000         0.1000 
     3430.0000       273.0000     5.0000e-06         1.0000         1.0000         0.1000 
     3470.0000       273.0000     5.0000e-06         1.0000         1.0000         0.1000 
     3510.0000       273.0000     5.0000e-06         1.0000         1.0000         0.1000 
     3550.0000       273.0000     5.0000e-06         1.0000         1.0000         0.1000 
     3590.0000       273.0000     5.0000e-06         1.0000         1.0000         0.1000 
     3630.0000       273.0000     5.0000e-06         1.0000         1.0000         0.1000 
     3670.0000       273.0000     5.0000e-06         1.0000         1.0000         0.1000 
     3710.0000       273.0000     5.0000e-06         1.0000         1.0000         0.1000 
     3750.0000       273.0000     5.0000e-06         1.0000         1.0000         0.1000 
     3790.0000       273.0000     5.0000e-06         1.0000         1.0000         0.1000 
     3830.0000       273.0000     5.0000e-06         1.0000         1.0000         0.1000 
     3870.0000       273.0000     5.0000e-06         1.0000         1.0000         0.1000 
     3910.0000       273.0000     5.0000e-06         1.0000         1.0000         0.1000 
     3950.0000       273.0000     5.0000e-06         1.0000         1.0000         0.1000 
     3990.0000       273.0000     5.0000e-06         1.0000         1.0000         0.1000 
     4030.0000       273.0000     5.0000e-06         1.0000         1.0000         0.1000 
     4070.0000       273.0000     5.0000e-06         1.0000         1.0000         0.1000 
     4110.0000       273.0000     5.0000e-06         1.0000         1.0000         0.1000 
     4150.0000       273.0000     5.0000e-06         1.0000         1.0000         0.1000 
     4190.0000       273.0000     5.0000e-06         1.0000         1.0000         0.1000 
     4230.0000       273.0000     5.0000e-06         1.0000         1.0000         0.1000 
     4270.0000       273.0000     5.0000e-06         1.0000         1.0000         0.1000 
     4310.0000       273.0000     5.0000e-06         1.0000         1.0000         0.1000 
     4350.0000       273.0000     5.0000e-06         1.0000         1.0000         0.1000 
     4390.0000       273.0000     5.0000e-06         1.0000         1.0000         0.1000 
     4430.0000       273.0000     5.0000e-06         1.0000         1.0000         0.1000 
     4470.0000       273.0000     5.0000e-06         1.0000         1.0000         0.1000 
     4510.0000       273.0000     5.0000e-06         1.0000         1.0000         0.1000 
     4550.0000       273.0000     5.0000e-06         1.0000         1.0000         0.1000 
     4590.0000       273.0000     5.0000e-06         1.0000         1.0000         0.1000 
     4630.0000       273.0000     5.0000e-06         1.0000         1.0000         0.1000 
     4670.0000       273.0000     5.0000e-06         1.0000         1.0000         0.1000 
     4710.0000       273.0000     5.0000e-06         1.0000         1.0000         0.1000 
     4750.0000       273.0000     5.0000e-06         1.0000         1.0000         0.1000 
     4790.0000       273.0000     5.0000e-06         1.0000         1.0000         0.1000 
     4830.0000       273.0000     5.0000e-06         1.0000         1.0000         0.1000 
     4870.0000       273.0000     5.0000e-06         1.0000         1.0000         0.1000 
     4910.0000       273.0000     5.0000e-06         1.0000         1.0000         0.1000 
     4950.0000       273.0000     5.0000e-06         1.0000         1.0000         0.1000 
     4990.0000       273.0000     5.0000e-06         1.0000         1.0000         0.1000 
     5030.0000       273.0000     5.0000e-06         1.0000         1.0000         0.1000 
     5070.0000       273.0000     5.0000e-06         1.0000         1.0000         0.1000 
     5110.0000       273.0000     5.0000e-06         1.0000         1.0000         0.1000 
     5150.0000       273.0000     5.0000e-06         1.0000         1.0000         0.1000 
     5190.0000       273.0000     5.0000e-06         1.0000         1.0000         0.1000 
     5230.0000       273.0000     5.0000e-06         1.0000         1.0000         0.1000 
     5270.0000       273.0000     5.0000e-06         1.0000         1.0000         0.1000 
     5310.0000       273.0000     5.0000e-06         1.0000         1.0000         0.1000 
     5350.0000       273.0000     5.0000e-06         1.0000         1.0000         0.1000 
     5390.0000       273.0000     5.0000e-06         1.0000         1.0000         0.1000 
     5430.0000       273.0000     5.0000e-06         1.0000         1.0000         0.1000 
     5470.0000       273.0000     5.0000e-06         1.0000         1.0000         0.1000 
     5510.0000       273.0000     5.0000e-06         1.0000         1.0000         0.1000 
     5550.0000       273.0000     5.0000e-06         1.0000         1.0000         0.1000 
     5610.0000       273.0000     5.0000e-06         1.0000         1.0000         0.1000 
     5690.0000       273.0000     5.0000e-06         1.0000         1.0000         0.1000 
     5770.0000       273.0000     5.0000e-06         1.0000         1.0000         0.1000 
     5850.0000       273.0000     5.0000e-06         1.0000         1.0000         0.1000 
     5930.0000       273.0000     5.0000e-06         1.0000         1.0000         0.1000 
     6010.0000       273.0000     5.0000e-06         1.0000         1.0000         0.1000 
     6090.0000       273.0000     5.0000e-06         1.0000         1.0000         0.1000 
     6170.0000       273.0000     5.0000e-06         1.0000         1.0000         0.1000 
     6250.0000       273.0000     5.0000e-06         1.0000         1.0000         0.1000 
     6330.0000       273.0000     5.0000e-06         1.0000         1.0000         0.1000 
     6410.0000       273.0000     5.0000e-06         1.0000         1.0000         0.1000 
     6490.0000       273.0000     5.0000e-06         1.0000         1.0000         0.1000 
     6570.0000       273.0000     5.0000e-06         1.0000         1.0000         0.1000 
     6650.0000       273.0000     5.0000e-06         1.0000         1.0000         0.1000 
     6730.0000       273.0000     5.0000e-06         1.0000         1.0000         0.1000 
     6810.0000       273.0000     5.0000e-06         1.0000         1.0000         0.1000 
     6890.0000       273.0000     5.0000e-06         1.0000         1.0000         0.1000 
     6950.0000       273.0000     5.0000e-06         1.0000         1.0000         0.1000 
     7000.0000       273.0000     5.0000e-06         1.0000         1.0000         0.1000 
