# EXPERIMENT: sullivan2011
      height(m)   ugeo(m/s) vgeo(m/s)  wfls(m/s)    not_used   not_used     dqtdtls(kg/kg/s)    dthldt(K/s)
   8.00000   1.000   0.000  0.000000   0.0   0.0   0.0   0.0
  24.00000   1.000   0.000  0.000000   0.0   0.0   0.0   0.0
  40.00000   1.000   0.000  0.000000   0.0   0.0   0.0   0.0
  56.00000   1.000   0.000  0.000000   0.0   0.0   0.0   0.0
  72.00000   1.000   0.000  0.000000   0.0   0.0   0.0   0.0
  88.00000   1.000   0.000  0.000000   0.0   0.0   0.0   0.0
 104.00000   1.000   0.000  0.000000   0.0   0.0   0.0   0.0
 120.00000   1.000   0.000  0.000000   0.0   0.0   0.0   0.0
 136.00000   1.000   0.000  0.000000   0.0   0.0   0.0   0.0
 152.00000   1.000   0.000  0.000000   0.0   0.0   0.0   0.0
 168.00000   1.000   0.000  0.000000   0.0   0.0   0.0   0.0
 184.00000   1.000   0.000  0.000000   0.0   0.0   0.0   0.0
 200.00000   1.000   0.000  0.000000   0.0   0.0   0.0   0.0
 216.00000   1.000   0.000  0.000000   0.0   0.0   0.0   0.0
 232.00000   1.000   0.000  0.000000   0.0   0.0   0.0   0.0
 248.00000   1.000   0.000  0.000000   0.0   0.0   0.0   0.0
 264.00000   1.000   0.000  0.000000   0.0   0.0   0.0   0.0
 280.00000   1.000   0.000  0.000000   0.0   0.0   0.0   0.0
 296.00000   1.000   0.000  0.000000   0.0   0.0   0.0   0.0
 312.00000   1.000   0.000  0.000000   0.0   0.0   0.0   0.0
 328.00000   1.000   0.000  0.000000   0.0   0.0   0.0   0.0
 344.00000   1.000   0.000  0.000000   0.0   0.0   0.0   0.0
 360.00000   1.000   0.000  0.000000   0.0   0.0   0.0   0.0
 376.00000   1.000   0.000  0.000000   0.0   0.0   0.0   0.0
 392.00000   1.000   0.000  0.000000   0.0   0.0   0.0   0.0
 408.00000   1.000   0.000  0.000000   0.0   0.0   0.0   0.0
 424.00000   1.000   0.000  0.000000   0.0   0.0   0.0   0.0
 440.00000   1.000   0.000  0.000000   0.0   0.0   0.0   0.0
 456.00000   1.000   0.000  0.000000   0.0   0.0   0.0   0.0
 472.00000   1.000   0.000  0.000000   0.0   0.0   0.0   0.0
 488.00000   1.000   0.000  0.000000   0.0   0.0   0.0   0.0
 504.00000   1.000   0.000  0.000000   0.0   0.0   0.0   0.0
 520.00000   1.000   0.000  0.000000   0.0   0.0   0.0   0.0
 536.00000   1.000   0.000  0.000000   0.0   0.0   0.0   0.0
 552.00000   1.000   0.000  0.000000   0.0   0.0   0.0   0.0
 568.00000   1.000   0.000  0.000000   0.0   0.0   0.0   0.0
 584.00000   1.000   0.000  0.000000   0.0   0.0   0.0   0.0
 600.00000   1.000   0.000  0.000000   0.0   0.0   0.0   0.0
 616.00000   1.000   0.000  0.000000   0.0   0.0   0.0   0.0
 632.00000   1.000   0.000  0.000000   0.0   0.0   0.0   0.0
 648.00000   1.000   0.000  0.000000   0.0   0.0   0.0   0.0
 664.00000   1.000   0.000  0.000000   0.0   0.0   0.0   0.0
 680.00000   1.000   0.000  0.000000   0.0   0.0   0.0   0.0
 696.00000   1.000   0.000  0.000000   0.0   0.0   0.0   0.0
 712.00000   1.000   0.000  0.000000   0.0   0.0   0.0   0.0
 728.00000   1.000   0.000  0.000000   0.0   0.0   0.0   0.0
 744.00000   1.000   0.000  0.000000   0.0   0.0   0.0   0.0
 760.00000   1.000   0.000  0.000000   0.0   0.0   0.0   0.0
 776.00000   1.000   0.000  0.000000   0.0   0.0   0.0   0.0
 792.00000   1.000   0.000  0.000000   0.0   0.0   0.0   0.0
 808.00000   1.000   0.000  0.000000   0.0   0.0   0.0   0.0
 824.00000   1.000   0.000  0.000000   0.0   0.0   0.0   0.0
 840.00000   1.000   0.000  0.000000   0.0   0.0   0.0   0.0
 856.00000   1.000   0.000  0.000000   0.0   0.0   0.0   0.0
 872.00000   1.000   0.000  0.000000   0.0   0.0   0.0   0.0
 888.00000   1.000   0.000  0.000000   0.0   0.0   0.0   0.0
 904.00000   1.000   0.000  0.000000   0.0   0.0   0.0   0.0
 920.00000   1.000   0.000  0.000000   0.0   0.0   0.0   0.0
 936.00000   1.000   0.000  0.000000   0.0   0.0   0.0   0.0
 952.00000   1.000   0.000  0.000000   0.0   0.0   0.0   0.0
 968.00000   1.000   0.000  0.000000   0.0   0.0   0.0   0.0
 984.00000   1.000   0.000  0.000000   0.0   0.0   0.0   0.0
1000.00000   1.000   0.000  0.000000   0.0   0.0   0.0   0.0
1016.00000   1.000   0.000  0.000000   0.0   0.0   0.0   0.0
1032.00000   1.000   0.000  0.000000   0.0   0.0   0.0   0.0
1048.00000   1.000   0.000  0.000000   0.0   0.0   0.0   0.0
1064.00000   1.000   0.000  0.000000   0.0   0.0   0.0   0.0
1080.00000   1.000   0.000  0.000000   0.0   0.0   0.0   0.0
1096.00000   1.000   0.000  0.000000   0.0   0.0   0.0   0.0
1112.00000   1.000   0.000  0.000000   0.0   0.0   0.0   0.0
1128.00000   1.000   0.000  0.000000   0.0   0.0   0.0   0.0
1144.00000   1.000   0.000  0.000000   0.0   0.0   0.0   0.0
1160.00000   1.000   0.000  0.000000   0.0   0.0   0.0   0.0
1176.00000   1.000   0.000  0.000000   0.0   0.0   0.0   0.0
1192.00000   1.000   0.000  0.000000   0.0   0.0   0.0   0.0
1208.00000   1.000   0.000  0.000000   0.0   0.0   0.0   0.0
1224.00000   1.000   0.000  0.000000   0.0   0.0   0.0   0.0
1240.00000   1.000   0.000  0.000000   0.0   0.0   0.0   0.0
1256.00000   1.000   0.000  0.000000   0.0   0.0   0.0   0.0
1272.00000   1.000   0.000  0.000000   0.0   0.0   0.0   0.0
1288.00000   1.000   0.000  0.000000   0.0   0.0   0.0   0.0
1304.00000   1.000   0.000  0.000000   0.0   0.0   0.0   0.0
1320.00000   1.000   0.000  0.000000   0.0   0.0   0.0   0.0
1336.00000   1.000   0.000  0.000000   0.0   0.0   0.0   0.0
1352.00000   1.000   0.000  0.000000   0.0   0.0   0.0   0.0
1368.00000   1.000   0.000  0.000000   0.0   0.0   0.0   0.0
1384.00000   1.000   0.000  0.000000   0.0   0.0   0.0   0.0
1400.00000   1.000   0.000  0.000000   0.0   0.0   0.0   0.0
1416.00000   1.000   0.000  0.000000   0.0   0.0   0.0   0.0
1432.00000   1.000   0.000  0.000000   0.0   0.0   0.0   0.0
1448.00000   1.000   0.000  0.000000   0.0   0.0   0.0   0.0
1464.00000   1.000   0.000  0.000000   0.0   0.0   0.0   0.0
1480.00000   1.000   0.000  0.000000   0.0   0.0   0.0   0.0
1496.00000   1.000   0.000  0.000000   0.0   0.0   0.0   0.0
1512.00000   1.000   0.000  0.000000   0.0   0.0   0.0   0.0
1528.00000   1.000   0.000  0.000000   0.0   0.0   0.0   0.0
1544.00000   1.000   0.000  0.000000   0.0   0.0   0.0   0.0
1560.00000   1.000   0.000  0.000000   0.0   0.0   0.0   0.0
1576.00000   1.000   0.000  0.000000   0.0   0.0   0.0   0.0
1592.00000   1.000   0.000  0.000000   0.0   0.0   0.0   0.0
1608.00000   1.000   0.000  0.000000   0.0   0.0   0.0   0.0
1624.00000   1.000   0.000  0.000000   0.0   0.0   0.0   0.0
1640.00000   1.000   0.000  0.000000   0.0   0.0   0.0   0.0
1656.00000   1.000   0.000  0.000000   0.0   0.0   0.0   0.0
1672.00000   1.000   0.000  0.000000   0.0   0.0   0.0   0.0
1688.00000   1.000   0.000  0.000000   0.0   0.0   0.0   0.0
1704.00000   1.000   0.000  0.000000   0.0   0.0   0.0   0.0
1720.00000   1.000   0.000  0.000000   0.0   0.0   0.0   0.0
1736.00000   1.000   0.000  0.000000   0.0   0.0   0.0   0.0
1752.00000   1.000   0.000  0.000000   0.0   0.0   0.0   0.0
1768.00000   1.000   0.000  0.000000   0.0   0.0   0.0   0.0
1784.00000   1.000   0.000  0.000000   0.0   0.0   0.0   0.0
1800.00000   1.000   0.000  0.000000   0.0   0.0   0.0   0.0
1816.00000   1.000   0.000  0.000000   0.0   0.0   0.0   0.0
1832.00000   1.000   0.000  0.000000   0.0   0.0   0.0   0.0
1848.00000   1.000   0.000  0.000000   0.0   0.0   0.0   0.0
1864.00000   1.000   0.000  0.000000   0.0   0.0   0.0   0.0
1880.00000   1.000   0.000  0.000000   0.0   0.0   0.0   0.0
1896.00000   1.000   0.000  0.000000   0.0   0.0   0.0   0.0
1912.00000   1.000   0.000  0.000000   0.0   0.0   0.0   0.0
1928.00000   1.000   0.000  0.000000   0.0   0.0   0.0   0.0
1944.00000   1.000   0.000  0.000000   0.0   0.0   0.0   0.0
1960.00000   1.000   0.000  0.000000   0.0   0.0   0.0   0.0
1976.00000   1.000   0.000  0.000000   0.0   0.0   0.0   0.0
1992.00000   1.000   0.000  0.000000   0.0   0.0   0.0   0.0
2008.00000   1.000   0.000  0.000000   0.0   0.0   0.0   0.0
2024.00000   1.000   0.000  0.000000   0.0   0.0   0.0   0.0
2040.00000   1.000   0.000  0.000000   0.0   0.0   0.0   0.0
