# EXPERIMENT: sullivan2011
      height(m)   thl(K)     qt(kg/kg)       u(m/s)     v(m/s)     tke(m2/s2)
      8.00000      300.000   0.00000000      1.00000      0.00000      0.00000
     24.00000      300.000   0.00000000      1.00000      0.00000      0.00000
     40.00000      300.000   0.00000000      1.00000      0.00000      0.00000
     56.00000      300.000   0.00000000      1.00000      0.00000      0.00000
     72.00000      300.000   0.00000000      1.00000      0.00000      0.00000
     88.00000      300.000   0.00000000      1.00000      0.00000      0.00000
    104.00000      300.000   0.00000000      1.00000      0.00000      0.00000
    120.00000      300.000   0.00000000      1.00000      0.00000      0.00000
    136.00000      300.000   0.00000000      1.00000      0.00000      0.00000
    152.00000      300.000   0.00000000      1.00000      0.00000      0.00000
    168.00000      300.000   0.00000000      1.00000      0.00000      0.00000
    184.00000      300.000   0.00000000      1.00000      0.00000      0.00000
    200.00000      300.000   0.00000000      1.00000      0.00000      0.00000
    216.00000      300.000   0.00000000      1.00000      0.00000      0.00000
    232.00000      300.000   0.00000000      1.00000      0.00000      0.00000
    248.00000      300.000   0.00000000      1.00000      0.00000      0.00000
    264.00000      300.000   0.00000000      1.00000      0.00000      0.00000
    280.00000      300.000   0.00000000      1.00000      0.00000      0.00000
    296.00000      300.000   0.00000000      1.00000      0.00000      0.00000
    312.00000      300.000   0.00000000      1.00000      0.00000      0.00000
    328.00000      300.000   0.00000000      1.00000      0.00000      0.00000
    344.00000      300.000   0.00000000      1.00000      0.00000      0.00000
    360.00000      300.000   0.00000000      1.00000      0.00000      0.00000
    376.00000      300.000   0.00000000      1.00000      0.00000      0.00000
    392.00000      300.000   0.00000000      1.00000      0.00000      0.00000
    408.00000      300.000   0.00000000      1.00000      0.00000      0.00000
    424.00000      300.000   0.00000000      1.00000      0.00000      0.00000
    440.00000      300.000   0.00000000      1.00000      0.00000      0.00000
    456.00000      300.000   0.00000000      1.00000      0.00000      0.00000
    472.00000      300.000   0.00000000      1.00000      0.00000      0.00000
    488.00000      300.000   0.00000000      1.00000      0.00000      0.00000
    504.00000      300.000   0.00000000      1.00000      0.00000      0.00000
    520.00000      300.000   0.00000000      1.00000      0.00000      0.00000
    536.00000      300.000   0.00000000      1.00000      0.00000      0.00000
    552.00000      300.000   0.00000000      1.00000      0.00000      0.00000
    568.00000      300.000   0.00000000      1.00000      0.00000      0.00000
    584.00000      300.000   0.00000000      1.00000      0.00000      0.00000
    600.00000      300.000   0.00000000      1.00000      0.00000      0.00000
    616.00000      300.000   0.00000000      1.00000      0.00000      0.00000
    632.00000      300.000   0.00000000      1.00000      0.00000      0.00000
    648.00000      300.000   0.00000000      1.00000      0.00000      0.00000
    664.00000      300.000   0.00000000      1.00000      0.00000      0.00000
    680.00000      300.000   0.00000000      1.00000      0.00000      0.00000
    696.00000      300.000   0.00000000      1.00000      0.00000      0.00000
    712.00000      300.000   0.00000000      1.00000      0.00000      0.00000
    728.00000      300.000   0.00000000      1.00000      0.00000      0.00000
    744.00000      300.000   0.00000000      1.00000      0.00000      0.00000
    760.00000      300.000   0.00000000      1.00000      0.00000      0.00000
    776.00000      300.000   0.00000000      1.00000      0.00000      0.00000
    792.00000      300.000   0.00000000      1.00000      0.00000      0.00000
    808.00000      300.000   0.00000000      1.00000      0.00000      0.00000
    824.00000      300.000   0.00000000      1.00000      0.00000      0.00000
    840.00000      300.000   0.00000000      1.00000      0.00000      0.00000
    856.00000      300.000   0.00000000      1.00000      0.00000      0.00000
    872.00000      300.000   0.00000000      1.00000      0.00000      0.00000
    888.00000      300.000   0.00000000      1.00000      0.00000      0.00000
    904.00000      300.000   0.00000000      1.00000      0.00000      0.00000
    920.00000      300.000   0.00000000      1.00000      0.00000      0.00000
    936.00000      300.000   0.00000000      1.00000      0.00000      0.00000
    952.00000      300.000   0.00000000      1.00000      0.00000      0.00000
    968.00000      300.000   0.00000000      1.00000      0.00000      0.00000
    984.00000      300.800   0.00000000      1.00000      0.00000      0.00000
   1000.00000      302.080   0.00000000      1.00000      0.00000      0.00000
   1016.00000      303.360   0.00000000      1.00000      0.00000      0.00000
   1032.00000      304.640   0.00000000      1.00000      0.00000      0.00000
   1048.00000      305.920   0.00000000      1.00000      0.00000      0.00000
   1064.00000      307.200   0.00000000      1.00000      0.00000      0.00000
   1080.00000      308.018   0.00000000      1.00000      0.00000      0.00000
   1096.00000      308.066   0.00000000      1.00000      0.00000      0.00000
   1112.00000      308.114   0.00000000      1.00000      0.00000      0.00000
   1128.00000      308.162   0.00000000      1.00000      0.00000      0.00000
   1144.00000      308.210   0.00000000      1.00000      0.00000      0.00000
   1160.00000      308.258   0.00000000      1.00000      0.00000      0.00000
   1176.00000      308.306   0.00000000      1.00000      0.00000      0.00000
   1192.00000      308.354   0.00000000      1.00000      0.00000      0.00000
   1208.00000      308.402   0.00000000      1.00000      0.00000      0.00000
   1224.00000      308.450   0.00000000      1.00000      0.00000      0.00000
   1240.00000      308.498   0.00000000      1.00000      0.00000      0.00000
   1256.00000      308.546   0.00000000      1.00000      0.00000      0.00000
   1272.00000      308.594   0.00000000      1.00000      0.00000      0.00000
   1288.00000      308.642   0.00000000      1.00000      0.00000      0.00000
   1304.00000      308.690   0.00000000      1.00000      0.00000      0.00000
   1320.00000      308.738   0.00000000      1.00000      0.00000      0.00000
   1336.00000      308.786   0.00000000      1.00000      0.00000      0.00000
   1352.00000      308.834   0.00000000      1.00000      0.00000      0.00000
   1368.00000      308.882   0.00000000      1.00000      0.00000      0.00000
   1384.00000      308.930   0.00000000      1.00000      0.00000      0.00000
   1400.00000      308.978   0.00000000      1.00000      0.00000      0.00000
   1416.00000      309.026   0.00000000      1.00000      0.00000      0.00000
   1432.00000      309.074   0.00000000      1.00000      0.00000      0.00000
   1448.00000      309.122   0.00000000      1.00000      0.00000      0.00000
   1464.00000      309.170   0.00000000      1.00000      0.00000      0.00000
   1480.00000      309.218   0.00000000      1.00000      0.00000      0.00000
   1496.00000      309.266   0.00000000      1.00000      0.00000      0.00000
   1512.00000      309.314   0.00000000      1.00000      0.00000      0.00000
   1528.00000      309.362   0.00000000      1.00000      0.00000      0.00000
   1544.00000      309.410   0.00000000      1.00000      0.00000      0.00000
   1560.00000      309.458   0.00000000      1.00000      0.00000      0.00000
   1576.00000      309.506   0.00000000      1.00000      0.00000      0.00000
   1592.00000      309.554   0.00000000      1.00000      0.00000      0.00000
   1608.00000      309.602   0.00000000      1.00000      0.00000      0.00000
   1624.00000      309.650   0.00000000      1.00000      0.00000      0.00000
   1640.00000      309.698   0.00000000      1.00000      0.00000      0.00000
   1656.00000      309.746   0.00000000      1.00000      0.00000      0.00000
   1672.00000      309.794   0.00000000      1.00000      0.00000      0.00000
   1688.00000      309.842   0.00000000      1.00000      0.00000      0.00000
   1704.00000      309.890   0.00000000      1.00000      0.00000      0.00000
   1720.00000      309.938   0.00000000      1.00000      0.00000      0.00000
   1736.00000      309.986   0.00000000      1.00000      0.00000      0.00000
   1752.00000      310.034   0.00000000      1.00000      0.00000      0.00000
   1768.00000      310.082   0.00000000      1.00000      0.00000      0.00000
   1784.00000      310.130   0.00000000      1.00000      0.00000      0.00000
   1800.00000      310.178   0.00000000      1.00000      0.00000      0.00000
   1816.00000      310.226   0.00000000      1.00000      0.00000      0.00000
   1832.00000      310.274   0.00000000      1.00000      0.00000      0.00000
   1848.00000      310.322   0.00000000      1.00000      0.00000      0.00000
   1864.00000      310.370   0.00000000      1.00000      0.00000      0.00000
   1880.00000      310.418   0.00000000      1.00000      0.00000      0.00000
   1896.00000      310.466   0.00000000      1.00000      0.00000      0.00000
   1912.00000      310.514   0.00000000      1.00000      0.00000      0.00000
   1928.00000      310.562   0.00000000      1.00000      0.00000      0.00000
   1944.00000      310.610   0.00000000      1.00000      0.00000      0.00000
   1960.00000      310.658   0.00000000      1.00000      0.00000      0.00000
   1976.00000      310.706   0.00000000      1.00000      0.00000      0.00000
   1992.00000      310.754   0.00000000      1.00000      0.00000      0.00000
   2008.00000      310.802   0.00000000      1.00000      0.00000      0.00000
   2024.00000      310.850   0.00000000      1.00000      0.00000      0.00000
   2040.00000      310.898   0.00000000      1.00000      0.00000      0.00000
